	healthy	periimplantitis	mucositis
SP_101SPI_T016	0.755680926731	0.947178803349	0.859719938673
SP_104SPI_T016	0.871134343866	0.622676065855	0.799085317278
SP_105SPI_T016	0.745273101528	0.96626242436	0.918500298048
SP_122SPI_T016	0.704684718759	0.843904451184	0.824648178915
SP_123SPI_T016	0.769821887862	0.940745309788	0.909951181476
SP_124SPI_T016	0.687963612007	0.962255122263	0.89806587742
SP_125SPI_T016	0.856909421334	0.615849585616	0.673680705257
SP_129SPI_T016	0.842724930861	0.501042594892	0.714238508439
SP_132SPI_T016	0.681534496802	0.946678098291	0.868165513972
SP_143SPI_T016	0.731296119081	0.787567438222	0.787986344941
SP_144SPI_T016	0.757634670609	0.756895885259	0.801925854214
SP_148SPI_T016	0.670537154386	0.944458437578	0.857357505388
SP_161SPI_T016	0.739736193326	0.943673358645	0.898050875667
SP_162SPI_T016	0.630827952463	0.793859975767	0.74770380537
SP_163SPI_T016	0.770379050378	0.728548059679	0.742112401446
SP_164SPI_T016	0.656274857135	0.938458348727	0.870593825952
SP_184SPI_T016	0.719492717567	0.922661552453	0.876284870788
SP_186SPI_T016_R	0.672819725307	0.714236134641	0.741333049049
SP_187SPI_T016	0.722183832883	0.793153319016	0.778968971501
SP_189SPI_T016	0.80901136355	0.761947888148	0.786959693989
SP_191SPI_T016	0.711400596963	0.967896453575	0.880899458085
SP_201SPI_T016	0.915075825907	0.78476586091	0.771809859251
SP_222SPI_T016	0.91782072497	0.770165037395	0.808935233459
SP_224SPI_T016	0.692357848932	0.694434029087	0.675498123354
SP_230SPI_T016	0.846851628868	0.617471027878	0.66914456948
SP_242SPI_T016	0.841010588645	0.808804660196	0.780244520233
SP_243SPI_T016	0.730419318898	0.952747539357	0.850704546151
SP_261SPI_T016	0.80514485359	0.551035447972	0.726387247177
SP_262SPI_T016	0.855541485927	0.663022760871	0.786241591196
SP_264SPI_T016	0.859858098894	0.57371281402	0.70217692319
SP_281SPI_T016	0.792313984388	0.55663371724	0.646945756692
SP_282SPI_T016	0.883665340708	0.669838287312	0.73199733083
SP_283SPI_T016	0.82310774705	0.93581841857	0.870712795756
SP_284SPI_T016	0.823669429649	0.903280247716	0.843563126113
SP_285SPI_T016	0.859663286646	0.750515237003	0.741923029832
SP_286SPI_T016	0.872002333381	0.764132385299	0.755019878883
SP_287SPI_T016	0.863500720351	0.598325538575	0.719313776973
SP_302SPI_T016	0.842717260595	0.479696077078	0.725622380069
SP_303SPI_T016	0.866914234266	0.52727686138	0.753884738251
SP_304SPI_T016	0.862094794533	0.606713317997	0.692590066337
SP_305SPI_T016	0.870929081719	0.533081465584	0.747778368522
SP_321SPI_T016	0.838323155759	0.517374985217	0.71535617375
SP_322SPI_T016	0.86976890548	0.561381744644	0.731784140255
SP_323SPI_T016	0.81342138004	0.665818293634	0.725660251373
SP_324SPI_T016	0.873136908957	0.506054383602	0.74132412549
SP_325SPI_T016	0.85198425917	0.684361838771	0.741386653885
SP_326SPI_T016	0.877196699198	0.573890396714	0.72949392963
SP_343SPI_T016	0.868292424174	0.529161076825	0.750340815339
SP_344SPI_T016_R	0.873825622735	0.524489370534	0.755886726394
SP_345SPI_T016	0.854216536275	0.564861019638	0.728339773247
SP_361SPI_T016	0.860750147045	0.668527743809	0.714157076252
SP_363SPI_T016_R	0.762555915617	0.801085194536	0.840465588885
SP_381SPI_T016	0.72818504181	0.974213818901	0.852827114348
SP_382SPI_T016	0.857748837555	0.49886557467	0.709507237399
SP_383SPI_T016	0.847937087768	0.481391404467	0.727530911246
SP_384SPI_T016	0.823243738409	0.495744080694	0.686490177928
SP_385SPI_T016	0.809355756199	0.504556400205	0.675189236645
SP_386SPI_T016	0.86057317379	0.631660522044	0.713632209915
SP_387SPI_T016	0.855360620462	0.594370503414	0.740532543904
SP_389SPI_T016	0.74539717569	0.792324721526	0.834486562179
SP_401SPI_T016	0.661818881172	0.950555693138	0.865936376824
SP_502SPI_T016	0.832445885282	0.505951236772	0.650692919119
SP_601SPI_T016	0.837926500807	0.459177920089	0.694476309049
SP_602SPI_T016	0.799016289469	0.983991910999	0.886963851052
